0,340,432,920,684,720,701,758,463,716,601,819,334,727,459,651,299,302,290,216,166,478,188,246,805,445,606,117,441,880,641,623,392,375,541,506,252,893,717,760,608,916,350,625,98,781,69,146,698,820,924,855,29,154,689,28,846,277,812,33,882,186,954,780,342,235,634,544,248,275,572,506,798,973,425,621,942,53,579,460
340,0,380,862,817,532,65,683,663,516,566,945,856,493,493,961,153,995,504,404,668,718,193,687,357,898,277,93,749,665,502,12,48,75,763,767,565,844,510,771,186,500,666,942,985,500,574,217,707,299,803,526,135,592,246,948,790,786,730,743,287,763,253,309,338,532,773,884,987,218,223,670,981,814,116,854,625,962,657,853
432,380,0,402,206,433,21,765,235,89,519,762,575,319,191,921,647,384,53,740,979,101,279,255,186,297,233,918,543,418,847,388,707,849,913,267,82,344,165,196,74,143,427,892,533,442,201,98,383,907,615,57,779,591,645,894,561,960,888,952,898,15,139,38,324,995,754,569,912,914,458,752,961,371,637,426,639,790,585,508
920,862,402,0,425,777,616,326,818,735,698,868,210,695,486,382,733,159,440,828,760,90,764,298,135,253,328,412,116,586,184,494,627,423,139,651,49,71,131,280,98,810,178,819,89,827,312,445,730,118,376,746,339,204,346,185,986,44,12,844,408,648,385,246,19,433,859,515,49,224,965,153,152,66,585,121,874,263,945,866
684,817,206,425,0,230,56,529,890,962,554,697,393,604,363,528,565,736,920,883,340,12,337,118,353,775,513,625,942,799,453,868,778,610,353,61,559,437,793,574,354,648,379,548,216,906,343,73,514,992,623,827,141,593,409,6,929,62,598,700,763,493,94,661,656,84,546,441,129,554,886,618,174,913,657,999,912,672,802,451
720,532,433,777,230,0,520,533,89,997,909,672,623,584,229,26,530,306,324,884,169,905,762,388,641,265,36,602,106,483,601,378,345,728,431,530,434,907,657,410,857,4,1000,331,6,112,692,424,955,46,892,865,626,181,425,503,304,24,276,274,905,564,983,501,694,576,511,379,602,899,20,875,28,388,994,687,305,962,15,147
701,65,21,616,56,520,0,10,212,449,944,350,363,59,64,644,611,308,59,967,600,669,424,781,174,261,952,342,912,971,757,566,138,126,40,783,795,140,935,766,457,446,333,919,704,772,747,64,726,554,364,872,845,926,471,954,636,693,53,978,743,754,530,42,162,130,273,305,541,630,1000,425,337,102,963,475,529,783,596,697
758,683,765,326,529,533,10,0,219,449,352,496,894,423,996,841,886,747,102,290,226,997,80,445,127,8,32,868,653,106,443,64,327,494,439,469,648,760,320,587,241,404,370,692,343,483,125,797,177,739,951,354,95,921,563,667,310,294,663,773,32,324,467,662,488,459,397,409,155,308,714,802,482,272,407,886,388,606,661,746
463,663,235,818,890,89,212,219,0,168,465,539,823,808,34,733,759,106,998,939,927,584,526,388,144,119,895,857,771,876,78,926,185,818,546,531,20,377,541,241,758,504,208,455,228,739,179,548,926,791,158,79,694,394,94,851,66,417,927,686,976,561,274,680,389,54,524,361,697,362,603,67,179,301,702,407,485,514,240,635
716,516,89,735,962,997,449,449,168,0,227,875,552,313,630,707,776,779,127,657,647,354,642,372,781,693,9,114,979,470,377,715,677,185,45,186,101,655,14,771,29,703,316,63,721,387,523,517,366,72,572,732,955,383,615,115,499,216,834,225,859,167,193,168,814,223,106,899,915,466,411,9,479,210,291,642,973,266,97,502
601,566,519,698,554,909,944,352,465,227,0,47,670,949,325,447,265,801,769,134,254,956,311,360,558,579,493,867,247,468,741,242,365,384,911,890,106,940,518,280,186,429,216,108,786,629,737,343,670,598,809,908,849,642,377,390,647,757,494,478,279,696,172,967,220,538,123,609,475,932,215,997,782,842,913,155,911,337,235,222
819,945,762,868,697,672,350,496,539,875,47,0,640,17,785,121,735,721,395,529,416,322,935,998,450,161,779,910,771,940,24,120,711,967,946,642,340,51,980,48,697,269,168,930,317,455,916,576,307,485,832,956,819,517,300,988,396,620,47,579,126,961,778,380,796,9,922,250,702,86,716,854,501,332,603,453,183,514,878,517
334,856,575,210,393,623,363,894,823,552,670,640,0,130,881,445,357,645,493,209,998,890,988,211,698,680,367,84,96,853,589,156,272,657,215,607,489,613,387,321,324,482,712,386,421,583,858,245,198,122,123,130,888,647,679,900,871,190,674,628,608,455,544,36,354,97,944,336,350,751,438,390,236,572,995,614,115,758,772,789
727,493,319,695,604,584,59,423,808,313,949,17,130,0,45,677,580,916,285,727,743,805,966,748,700,45,417,268,357,205,866,129,974,426,352,527,344,93,823,735,793,629,180,315,354,808,836,620,301,409,897,407,800,971,98,950,154,51,606,282,697,459,565,726,742,443,259,879,614,146,426,936,173,795,787,347,97,475,200,913
459,493,191,486,363,229,64,996,34,630,325,785,881,45,0,160,822,305,458,720,281,633,743,241,922,620,188,616,243,191,84,987,702,348,901,180,451,665,387,236,548,876,328,789,937,381,409,755,167,552,436,80,804,429,61,172,374,878,695,126,977,708,351,785,655,838,397,957,593,584,996,264,244,420,841,281,839,663,696,777
651,961,921,382,528,26,644,841,733,707,447,121,445,677,160,0,529,514,969,95,95,700,2,295,75,96,534,606,872,728,419,844,434,14,817,278,594,371,38,814,679,614,431,242,944,890,641,199,390,292,334,903,247,984,338,662,685,615,157,772,173,335,251,560,899,815,711,162,586,885,7,451,217,159,192,604,857,650,793,551
299,153,647,733,565,530,611,886,759,776,265,735,357,580,822,529,0,268,450,398,29,600,566,275,325,584,39,776,182,459,629,460,561,125,358,842,110,844,876,681,586,110,282,831,474,142,795,53,126,397,334,613,213,309,954,527,536,480,274,92,110,503,78,770,972,582,798,750,86,405,594,728,503,962,979,696,377,594,216,974
302,995,384,159,736,306,308,747,106,779,801,721,645,916,305,514,268,0,49,206,118,895,162,58,376,252,156,297,126,364,41,780,941,729,444,281,603,352,726,384,45,826,486,793,463,816,28,801,183,163,379,716,934,569,105,388,412,812,204,55,7,820,50,927,448,661,613,194,226,499,329,418,799,305,651,247,529,18,201,968
290,504,53,440,920,324,59,102,998,127,769,395,493,285,458,969,450,49,0,762,478,904,665,657,422,541,575,514,227,252,30,296,409,854,755,745,977,747,534,126,171,372,974,629,730,899,289,318,586,177,675,454,389,36,107,675,474,627,662,197,815,496,683,541,941,473,325,549,98,282,647,364,333,970,433,764,593,144,857,401
216,404,740,828,883,884,967,290,939,657,134,529,209,727,720,95,398,206,762,0,884,427,789,376,362,211,597,897,42,55,693,123,210,852,144,715,878,782,152,440,68,958,666,726,67,753,223,606,642,24,604,318,165,201,835,186,9,746,386,614,385,789,26,662,937,604,66,605,800,794,545,815,555,436,643,19,379,682,187,784
166,668,979,760,340,169,600,226,927,647,254,416,998,743,281,95,29,118,478,884,0,624,302,590,738,752,424,288,625,496,435,976,439,131,72,798,484,360,669,917,968,869,433,724,468,954,750,974,221,625,532,361,309,313,678,708,304,57,507,961,497,753,612,442,447,101,645,63,735,771,57,398,575,43,726,588,131,286,418,255
478,718,101,90,12,905,669,997,584,354,956,322,890,805,633,700,600,895,904,427,624,0,64,495,585,222,11,759,484,176,277,621,624,329,854,441,464,107,98,497,399,129,596,917,254,599,150,917,86,917,122,971,675,650,56,507,62,750,893,311,837,951,396,278,440,413,740,940,587,177,773,797,75,576,727,723,903,45,370,560
188,193,279,764,337,762,424,80,526,642,311,935,988,966,743,2,566,162,665,789,302,64,0,133,996,460,381,549,764,922,280,534,204,894,620,675,558,889,466,18,120,966,862,801,895,859,469,805,470,84,281,408,309,638,447,590,189,341,344,941,135,378,507,62,180,396,708,556,999,169,893,816,751,858,650,478,297,33,219,992
246,687,255,298,118,388,781,445,388,372,360,998,211,748,241,295,275,58,657,376,590,495,133,0,850,279,851,678,969,38,270,798,643,840,479,421,1000,27,286,266,971,769,777,683,576,96,346,215,949,490,278,447,915,34,541,449,286,660,541,187,503,7,609,409,243,451,599,43,212,705,39,581,501,971,624,44,131,152,868,258
805,357,186,135,353,641,174,127,144,781,558,450,698,700,922,75,325,376,422,362,738,585,996,850,0,759,436,988,279,536,114,430,404,478,695,362,709,697,421,773,458,816,720,532,513,773,776,674,636,677,828,500,139,374,79,890,926,369,890,656,506,214,854,939,229,231,852,543,782,813,571,148,46,166,20,306,549,593,581,905
445,898,297,253,775,265,261,8,119,693,579,161,680,45,620,96,584,252,541,211,752,222,460,279,759,0,979,152,73,683,700,51,121,789,615,662,881,312,699,920,649,478,687,156,6,216,908,213,853,429,208,419,251,108,370,442,60,18,54,17,182,623,876,368,25,587,89,106,453,694,1,562,400,733,734,114,291,601,242,687
606,277,233,328,513,36,952,32,895,9,493,779,367,417,188,534,39,156,575,597,424,11,381,851,436,979,0,527,233,158,256,545,663,725,542,136,72,640,501,975,381,478,903,363,479,471,914,762,143,157,704,390,28,472,917,597,213,956,406,710,126,546,884,738,327,632,999,205,608,949,839,8,769,861,718,660,565,525,74,724
117,93,918,412,625,602,342,868,857,114,867,910,84,268,616,606,776,297,514,897,288,759,549,678,988,152,527,0,823,252,70,959,525,71,232,209,977,47,997,326,623,856,457,714,304,81,523,88,852,667,612,668,831,927,16,615,298,625,893,407,218,299,568,904,550,559,456,219,713,861,130,994,480,709,955,701,230,794,932,916
441,749,543,116,942,106,912,653,771,979,247,771,96,357,243,872,182,126,227,42,625,484,764,969,279,73,233,823,0,722,868,903,193,90,935,528,768,177,653,399,679,724,573,914,244,906,638,264,664,121,484,152,934,438,757,879,327,172,769,56,541,566,12,517,258,783,146,36,388,942,189,270,359,456,462,441,608,373,462,244
880,665,418,586,799,483,971,106,876,470,468,940,853,205,191,728,459,364,252,55,496,176,922,38,536,683,158,252,722,0,610,197,671,835,639,187,196,256,907,55,713,425,992,106,929,370,490,562,978,87,559,774,503,723,517,155,410,487,871,148,827,970,853,32,458,934,80,205,645,307,31,443,70,541,928,540,164,993,94,663
641,502,847,184,453,601,757,443,78,377,741,24,589,866,84,419,629,41,30,693,435,277,280,270,114,700,256,70,868,610,0,349,205,84,803,245,61,267,601,965,105,286,402,547,979,327,215,561,799,277,696,869,772,965,916,485,399,610,71,36,918,451,714,821,946,647,411,67,645,775,589,275,699,48,195,928,966,411,262,800
623,12,388,494,868,378,566,64,926,715,242,120,156,129,987,844,460,780,296,123,976,621,534,798,430,51,545,959,903,197,349,0,145,51,399,399,246,715,525,904,587,161,247,691,710,235,414,584,962,844,650,703,642,755,661,801,849,57,748,870,164,493,777,20,232,77,678,408,181,419,12,829,588,698,441,462,525,403,336,241
392,48,707,627,778,345,138,327,185,677,365,711,272,974,702,434,561,941,409,210,439,624,204,643,404,121,663,525,193,671,205,145,0,688,304,394,91,493,532,627,714,792,526,232,346,652,656,163,735,856,1000,305,836,598,826,859,143,360,751,184,401,894,103,948,189,394,495,569,491,565,486,724,754,602,666,811,624,144,154,418
375,75,849,423,610,728,126,494,818,185,384,967,657,426,348,14,125,729,854,852,131,329,894,840,478,789,725,71,90,835,84,51,688,0,759,685,975,228,895,757,220,535,145,706,799,888,287,109,451,630,46,723,563,914,885,356,109,100,645,924,577,793,340,404,5,712,423,227,326,388,460,485,125,91,2,742,899,126,173,592
541,763,913,139,353,431,40,439,546,45,911,946,215,352,901,817,358,444,755,144,72,854,620,479,695,615,542,232,935,639,803,399,304,759,0,475,633,321,375,571,714,651,750,565,574,911,811,624,495,905,453,790,58,75,326,690,868,728,283,353,893,19,344,978,644,103,968,738,554,187,42,992,716,353,320,42,199,324,457,10
506,767,267,651,61,530,783,469,531,186,890,642,607,527,180,278,842,281,745,715,798,441,675,421,362,662,136,209,528,187,245,399,394,685,475,0,216,412,382,753,523,8,994,159,97,534,914,292,703,121,444,677,889,128,564,670,101,191,776,376,420,932,125,368,627,553,292,28,168,985,380,970,65,584,531,783,917,979,831,777
252,565,82,49,559,434,795,648,20,101,106,340,489,344,451,594,110,603,977,878,484,464,558,1000,709,881,72,977,768,196,61,246,91,975,633,216,0,550,153,958,746,366,629,117,273,446,377,78,975,558,224,570,658,278,400,718,321,867,515,547,661,670,577,813,504,934,195,549,854,654,486,802,996,704,41,266,953,617,877,542
893,844,344,71,437,907,140,760,377,655,940,51,613,93,665,371,844,352,747,782,360,107,889,27,697,312,640,47,177,256,267,715,493,228,321,412,550,0,303,182,73,643,582,780,303,397,822,590,903,438,270,119,813,980,198,263,9,689,229,426,51,4,904,668,945,788,608,137,79,637,607,705,10,619,526,392,993,755,590,476
717,510,165,131,793,657,935,320,541,14,518,980,387,823,387,38,876,726,534,152,669,98,466,286,421,699,501,997,653,907,601,525,532,895,375,382,153,303,0,976,937,449,351,34,404,260,501,810,670,212,887,30,904,673,510,745,322,251,115,972,911,544,194,568,151,400,464,434,222,789,105,267,506,402,804,355,73,494,915,122
760,771,196,280,574,410,766,587,241,771,280,48,321,735,236,814,681,384,126,440,917,497,18,266,773,920,975,326,399,55,965,904,627,757,571,753,958,182,976,0,129,637,857,19,690,940,872,229,598,191,395,246,992,560,270,711,522,150,518,94,632,104,426,524,570,76,296,940,184,241,389,564,877,389,100,36,670,756,496,552
608,186,74,98,354,857,457,241,758,29,186,697,324,793,548,679,586,45,171,68,968,399,120,971,458,649,381,623,679,713,105,587,714,220,714,523,746,73,937,129,0,388,438,341,227,188,347,552,474,176,733,670,490,415,698,98,319,775,421,352,634,499,160,999,765,103,800,468,478,992,341,657,863,977,629,684,430,232,44,467
916,500,143,810,648,4,446,404,504,703,429,269,482,629,876,614,110,826,372,958,869,129,966,769,816,478,478,856,724,425,286,161,792,535,651,8,366,643,449,637,388,0,134,175,761,382,360,358,728,429,391,837,303,608,503,991,608,694,585,299,346,124,910,452,876,871,293,40,519,61,131,326,959,262,358,272,990,184,118,800
350,666,427,178,379,1000,333,370,208,316,216,168,712,180,328,431,282,486,974,666,433,596,862,777,720,687,903,457,573,992,402,247,526,145,750,994,629,582,351,857,438,134,0,765,952,201,607,920,60,937,881,20,788,419,780,927,418,391,230,820,927,999,406,754,316,158,523,544,898,647,170,616,801,631,947,53,829,160,282,34
625,942,892,819,548,331,919,692,455,63,108,930,386,315,789,242,831,793,629,726,724,917,801,683,532,156,363,714,914,106,547,691,232,706,565,159,117,780,34,19,341,175,765,0,343,651,83,776,440,816,638,795,112,701,179,402,236,513,815,745,29,564,516,245,629,869,734,411,133,223,362,269,738,609,521,354,207,9,170,481
98,985,533,89,216,6,704,343,228,721,786,317,421,354,937,944,474,463,730,67,468,254,895,576,513,6,479,304,244,929,979,710,346,799,574,97,273,303,404,690,227,761,952,343,0,819,748,230,546,338,396,853,505,402,790,966,471,332,55,51,375,514,916,507,74,688,362,641,1000,803,344,825,924,774,495,35,722,915,210,560
781,500,442,827,906,112,772,483,739,387,629,455,583,808,381,890,142,816,899,753,954,599,859,96,773,216,471,81,906,370,327,235,652,888,911,534,446,397,260,940,188,382,201,651,819,0,335,206,816,1,909,221,332,568,914,372,309,766,508,438,567,715,667,989,621,451,195,298,832,414,228,536,201,712,655,795,239,679,456,54
69,574,201,312,343,692,747,125,179,523,737,916,858,836,409,641,795,28,289,223,750,150,469,346,776,908,914,523,638,490,215,414,656,287,811,914,377,822,501,872,347,360,607,83,748,335,0,814,596,987,602,180,912,292,290,449,695,71,131,66,978,424,210,914,974,329,301,814,306,438,195,819,615,957,975,127,800,207,495,952
146,217,98,445,73,424,64,797,548,517,343,576,245,620,755,199,53,801,318,606,974,917,805,215,674,213,762,88,264,562,561,584,163,109,624,292,78,590,810,229,552,358,920,776,230,206,814,0,392,510,396,165,506,123,434,591,796,341,103,963,765,79,945,15,781,78,455,166,20,485,169,594,570,840,180,421,14,818,805,204
698,707,383,730,514,955,726,177,926,366,670,307,198,301,167,390,126,183,586,642,221,86,470,949,636,853,143,852,664,978,799,962,735,451,495,703,975,903,670,598,474,728,60,440,546,816,596,392,0,90,691,263,257,939,657,624,723,143,873,573,364,351,730,566,103,932,823,853,91,646,927,423,833,919,715,93,350,430,843,156
820,299,907,118,992,46,554,739,791,72,598,485,122,409,552,292,397,163,177,24,625,917,84,490,677,429,157,667,121,87,277,844,856,630,905,121,558,438,212,191,176,429,937,816,338,1,987,510,90,0,637,375,205,912,469,855,787,232,297,550,567,146,234,125,630,551,478,919,711,217,650,68,223,497,676,416,458,982,918,915
924,803,615,376,623,892,364,951,158,572,809,832,123,897,436,334,334,379,675,604,532,122,281,278,828,208,704,612,484,559,696,650,1000,46,453,444,224,270,887,395,733,391,881,638,396,909,602,396,691,637,0,743,735,543,145,40,498,572,585,53,493,342,803,708,953,144,635,887,142,16,898,331,497,359,803,920,611,479,955,801
855,526,57,746,827,865,872,354,79,732,908,956,130,407,80,903,613,716,454,318,361,971,408,447,500,419,390,668,152,774,869,703,305,723,790,677,570,119,30,246,670,837,20,795,853,221,180,165,263,375,743,0,947,720,850,738,932,742,150,977,401,171,470,859,580,397,268,212,702,731,796,713,104,193,401,222,873,846,215,847
29,135,779,339,141,626,845,95,694,955,849,819,888,800,804,247,213,934,389,165,309,675,309,915,139,251,28,831,934,503,772,642,836,563,58,889,658,813,904,992,490,303,788,112,505,332,912,506,257,205,735,947,0,216,638,275,309,169,953,246,40,237,959,232,947,681,318,722,753,369,377,628,33,453,423,436,536,993,94,168
154,592,591,204,593,181,926,921,394,383,642,517,647,971,429,984,309,569,36,201,313,650,638,34,374,108,472,927,438,723,965,755,598,914,75,128,278,980,673,560,415,608,419,701,402,568,292,123,939,912,543,720,216,0,68,115,282,819,969,30,901,603,258,595,916,524,293,159,444,797,323,95,648,31,490,615,392,470,377,931
689,246,645,346,409,425,471,563,94,615,377,300,679,98,61,338,954,105,107,835,678,56,447,541,79,370,917,16,757,517,916,661,826,885,326,564,400,198,510,270,698,503,780,179,790,914,290,434,657,469,145,850,638,68,0,167,1000,80,165,281,459,954,717,687,315,728,159,769,289,155,869,174,599,685,669,787,535,676,846,118
28,948,894,185,6,503,954,667,851,115,390,988,900,950,172,662,527,388,675,186,708,507,590,449,890,442,597,615,879,155,485,801,859,356,690,670,718,263,745,711,98,991,927,402,966,372,449,591,624,855,40,738,275,115,167,0,724,108,68,357,16,640,267,544,940,349,471,120,190,483,722,787,949,873,7,397,192,628,236,915
846,790,561,986,929,304,636,310,66,499,647,396,871,154,374,685,536,412,474,9,304,62,189,286,926,60,213,298,327,410,399,849,143,109,868,101,321,9,322,522,319,608,418,236,471,309,695,796,723,787,498,932,309,282,1000,724,0,36,155,661,615,724,930,490,92,131,666,450,453,501,633,57,6,971,299,525,254,549,668,566
277,786,960,44,62,24,693,294,417,216,757,620,190,51,878,615,480,812,627,746,57,750,341,660,369,18,956,625,172,487,610,57,360,100,728,191,867,689,251,150,775,694,391,513,332,766,71,341,143,232,572,742,169,819,80,108,36,0,904,890,120,740,684,643,674,371,743,510,149,177,780,671,338,336,437,496,815,862,378,1000
812,730,888,12,598,276,53,663,927,834,494,47,674,606,695,157,274,204,662,386,507,893,344,541,890,54,406,893,769,871,71,748,751,645,283,776,515,229,115,518,421,585,230,815,55,508,131,103,873,297,585,150,953,969,165,68,155,904,0,136,313,316,258,173,353,775,492,88,734,354,120,593,592,996,112,904,558,301,170,830
33,743,952,844,700,274,978,773,686,225,478,579,628,282,126,772,92,55,197,614,961,311,941,187,656,17,710,407,56,148,36,870,184,924,353,376,547,426,972,94,352,299,820,745,51,438,66,963,573,550,53,977,246,30,281,357,661,890,136,0,654,254,547,624,698,438,936,984,924,154,743,714,432,119,108,881,88,959,256,299
882,287,898,408,763,905,743,32,976,859,279,126,608,697,977,173,110,7,815,385,497,837,135,503,506,182,126,218,541,827,918,164,401,577,893,420,661,51,911,632,634,346,927,29,375,567,978,765,364,567,493,401,40,901,459,16,615,120,313,654,0,365,582,219,344,24,305,210,930,145,514,236,233,935,281,262,230,430,138,519
186,763,15,648,493,564,754,324,561,167,696,961,455,459,708,335,503,820,496,789,753,951,378,7,214,623,546,299,566,970,451,493,894,793,19,932,670,4,544,104,499,124,999,564,514,715,424,79,351,146,342,171,237,603,954,640,724,740,316,254,365,0,386,279,367,29,170,1,243,470,33,173,747,803,794,383,384,6,352,256
954,253,139,385,94,983,530,467,274,193,172,778,544,565,351,251,78,50,683,26,612,396,507,609,854,876,884,568,12,853,714,777,103,340,344,125,577,904,194,426,160,910,406,516,916,667,210,945,730,234,803,470,959,258,717,267,930,684,258,547,582,386,0,189,333,565,217,897,679,547,818,58,771,866,232,23,456,231,677,23
780,309,38,246,661,501,42,662,680,168,967,380,36,726,785,560,770,927,541,662,442,278,62,409,939,368,738,904,517,32,821,20,948,404,978,368,813,668,568,524,999,452,754,245,507,989,914,15,566,125,708,859,232,595,687,544,490,643,173,624,219,279,189,0,286,141,568,355,771,322,422,325,698,281,873,524,686,183,292,389
342,338,324,19,656,694,162,488,389,814,220,796,354,742,655,899,972,448,941,937,447,440,180,243,229,25,327,550,258,458,946,232,189,5,644,627,504,945,151,570,765,876,316,629,74,621,974,781,103,630,953,580,947,916,315,940,92,674,353,698,344,367,333,286,0,885,452,25,360,143,384,793,667,726,616,771,423,287,236,688
235,532,995,433,84,576,130,459,54,223,538,9,97,443,838,815,582,661,473,604,101,413,396,451,231,587,632,559,783,934,647,77,394,712,103,553,934,788,400,76,103,871,158,869,688,451,329,78,932,551,144,397,681,524,728,349,131,371,775,438,24,29,565,141,885,0,373,30,30,418,76,856,504,885,515,505,626,566,957,951
634,773,754,859,546,511,273,397,524,106,123,922,944,259,397,711,798,613,325,66,645,740,708,599,852,89,999,456,146,80,411,678,495,423,968,292,195,608,464,296,800,293,523,734,362,195,301,455,823,478,635,268,318,293,159,471,666,743,492,936,305,170,217,568,452,373,0,432,384,86,838,52,933,256,241,53,321,82,322,587
544,884,569,515,441,379,305,409,361,899,609,250,336,879,957,162,750,194,549,605,63,940,556,43,543,106,205,219,36,205,67,408,569,227,738,28,549,137,434,940,468,40,544,411,641,298,814,166,853,919,887,212,722,159,769,120,450,510,88,984,210,1,897,355,25,30,432,0,586,446,137,925,780,814,961,449,82,370,672,296
248,987,912,49,129,602,541,155,697,915,475,702,350,614,593,586,86,226,98,800,735,587,999,212,782,453,608,713,388,645,645,181,491,326,554,168,854,79,222,184,478,519,898,133,1000,832,306,20,91,711,142,702,753,444,289,190,453,149,734,924,930,243,679,771,360,30,384,586,0,167,368,261,827,98,928,643,590,631,803,764
275,218,914,224,554,899,630,308,362,466,932,86,751,146,584,885,405,499,282,794,771,177,169,705,813,694,949,861,942,307,775,419,565,388,187,985,654,637,789,241,992,61,647,223,803,414,438,485,646,217,16,731,369,797,155,483,501,177,354,154,145,470,547,322,143,418,86,446,167,0,280,994,288,257,948,934,290,725,479,156
572,223,458,965,886,20,1000,714,603,411,215,716,438,426,996,7,594,329,647,545,57,773,893,39,571,1,839,130,189,31,589,12,486,460,42,380,486,607,105,389,341,131,170,362,344,228,195,169,927,650,898,796,377,323,869,722,633,780,120,743,514,33,818,422,384,76,838,137,368,280,0,562,890,926,735,708,315,99,324,224
506,670,752,153,618,875,425,802,67,9,997,854,390,936,264,451,728,418,364,815,398,797,816,581,148,562,8,994,270,443,275,829,724,485,992,970,802,705,267,564,657,326,616,269,825,536,819,594,423,68,331,713,628,95,174,787,57,671,593,714,236,173,58,325,793,856,52,925,261,994,562,0,760,891,719,344,824,880,617,673
798,981,961,152,174,28,337,482,179,479,782,501,236,173,244,217,503,799,333,555,575,75,751,501,46,400,769,480,359,70,699,588,754,125,716,65,996,10,506,877,863,959,801,738,924,201,615,570,833,223,497,104,33,648,599,949,6,338,592,432,233,747,771,698,667,504,933,780,827,288,890,760,0,161,278,614,264,259,980,570
973,814,371,66,913,388,102,272,301,210,842,332,572,795,420,159,962,305,970,436,43,576,858,971,166,733,861,709,456,541,48,698,602,91,353,584,704,619,402,389,977,262,631,609,774,712,957,840,919,497,359,193,453,31,685,873,971,336,996,119,935,803,866,281,726,885,256,814,98,257,926,891,161,0,410,410,650,828,671,578
425,116,637,585,657,994,963,407,702,291,913,603,995,787,841,192,979,651,433,643,726,727,650,624,20,734,718,955,462,928,195,441,666,2,320,531,41,526,804,100,629,358,947,521,495,655,975,180,715,676,803,401,423,490,669,7,299,437,112,108,281,794,232,873,616,515,241,961,928,948,735,719,278,410,0,505,90,180,789,362
621,854,426,121,999,687,475,886,407,642,155,453,614,347,281,604,696,247,764,19,588,723,478,44,306,114,660,701,441,540,928,462,811,742,42,783,266,392,355,36,684,272,53,354,35,795,127,421,93,416,920,222,436,615,787,397,525,496,904,881,262,383,23,524,771,505,53,449,643,934,708,344,614,410,505,0,932,924,592,519
942,625,639,874,912,305,529,388,485,973,911,183,115,97,839,857,377,529,593,379,131,903,297,131,549,291,565,230,608,164,966,525,624,899,199,917,953,993,73,670,430,990,829,207,722,239,800,14,350,458,611,873,536,392,535,192,254,815,558,88,230,384,456,686,423,626,321,82,590,290,315,824,264,650,90,932,0,677,667,492
53,962,790,263,672,962,783,606,514,266,337,514,758,475,663,650,594,18,144,682,286,45,33,152,593,601,525,794,373,993,411,403,144,126,324,979,617,755,494,756,232,184,160,9,915,679,207,818,430,982,479,846,993,470,676,628,549,862,301,959,430,6,231,183,287,566,82,370,631,725,99,880,259,828,180,924,677,0,568,355
579,657,585,945,802,15,596,661,240,97,235,878,772,200,696,793,216,201,857,187,418,370,219,868,581,242,74,932,462,94,262,336,154,173,457,831,877,590,915,496,44,118,282,170,210,456,495,805,843,918,955,215,94,377,846,236,668,378,170,256,138,352,677,292,236,957,322,672,803,479,324,617,980,671,789,592,667,568,0,871
460,853,508,866,451,147,697,746,635,502,222,517,789,913,777,551,974,968,401,784,255,560,992,258,905,687,724,916,244,663,800,241,418,592,10,777,542,476,122,552,467,800,34,481,560,54,952,204,156,915,801,847,168,931,118,915,566,1000,830,299,519,256,23,389,688,951,587,296,764,156,224,673,570,578,362,519,492,355,871,0
